name: SALPA
channels:
  - conda-forge
  - msys2
dependencies:
  - bzip2=1.0.8
  - ca-certificates=2023.5.7
  - certifi=2023.5.7
  - intel-openmp=2023.1.0
  - libblas=3.9.0
  - libcblas=3.9.0
  - libffi=3.4.2
  - libhwloc=2.9.1
  - libiconv=1.17
  - liblapack=3.9.0
  - libsqlite=3.42.0
  - libxml2=2.11.4
  - libzlib=1.2.13
  - mkl=2022.1.0
  - numpy=1.24.4
  - openssl=3.1.1
  - pip=23.1.2
  - pthreads-win32=2.9.1
  - python=3.8.17
  - python_abi=3.8
  - scons=4.5.2
  - setuptools=68.0.0
  - tbb=2021.9.0
  - tk=8.6.12
  - ucrt=10.0.22621.0
  - vc=14.3
  - vc14_runtime=14.36.32532
  - vs2015_runtime=14.36.32532
  - wheel=0.40.0
  - xz=5.2.6
